mean_mag mag_bin_centre luminosity_function no_galaxies V5 V6 V7 V8 V9
0 -25.975 0 0 0 0 0 0 0
0 -25.925 0 0 0 0 0 0 0
0 -25.875 0 0 0 0 0 0 0
0 -25.825 0 0 0 0 0 0 0
0 -25.775 0 0 0 0 0 0 0
0 -25.725 0 0 0 0 0 0 0
0 -25.675 0 0 0 0 0 0 0
0 -25.625 0 0 0 0 0 0 0
0 -25.575 0 0 0 0 0 0 0
0 -25.525 0 0 0 0 0 0 0
0 -25.475 0 0 0 0 0 0 0
0 -25.425 0 0 0 0 0 0 0
0 -25.375 0 0 0 0 0 0 0
-25.312 -25.325 8.1527e-07 1 0 0 0 2.4903e-06 0
0 -25.275 0 0 0 0 0 0 0
-25.23 -25.225 7.7021e-07 1 0 0 0 0 1.2099e-06
0 -25.175 0 0 0 0 0 0 0
0 -25.125 0 0 0 0 0 0 0
0 -25.075 0 0 0 0 0 0 0
0 -25.025 0 0 0 0 0 0 0
0 -24.975 0 0 0 0 0 0 0
-24.923 -24.925 6.8215e-07 1 0 0 0 0 1.2099e-06
0 -24.875 0 0 0 0 0 0 0
-24.823 -24.825 6.6175e-07 1 0 0 0 0 1.2099e-06
0 -24.775 0 0 0 0 0 0 0
-24.711 -24.725 6.4501e-07 1 0 0 0 0 1.2099e-06
-24.657 -24.675 6.3706e-07 1 0 0 0 0 1.2099e-06
-24.64 -24.625 6.3035e-07 1 0 0 0 1.7893e-06 0
0 -24.575 0 0 0 0 0 0 0
0 -24.525 0 0 0 0 0 0 0
0 -24.475 0 0 0 0 0 0 0
0 -24.425 0 0 0 0 0 0 0
0 -24.375 0 0 0 0 0 0 0
-24.319 -24.325 5.9775e-07 1 0 0 0 1.7893e-06 0
0 -24.275 0 0 0 0 0 0 0
0 -24.225 0 0 0 0 0 0 0
0 -24.175 0 0 0 0 0 0 0
0 -24.125 0 0 0 0 0 0 0
0 -24.075 0 0 0 0 0 0 0
0 -24.025 0 0 0 0 0 0 0
0 -23.975 0 0 0 0 0 0 0
0 -23.925 0 0 0 0 0 0 0
0 -23.875 0 0 0 0 0 0 0
0 -23.825 0 0 0 0 0 0 0
0 -23.775 0 0 0 0 0 0 0
-23.745 -23.725 5.6331e-07 1 0 0 0 1.7893e-06 0
0 -23.675 0 0 0 0 0 0 0
0 -23.625 0 0 0 0 0 0 0
0 -23.575 0 0 0 0 0 0 0
-23.501 -23.525 5.5699e-07 1 0 0 3.1102e-06 0 0
0 -23.475 0 0 0 0 0 0 0
-23.439 -23.425 5.5408e-07 1 0 0 3.1102e-06 0 0
0 -23.375 0 0 0 0 0 0 0
-23.335 -23.325 5.5192e-07 1 0 0 0 0 1.2099e-06
0 -23.275 0 0 0 0 0 0 0
-23.215 -23.225 5.4998e-07 1 0 0 0 1.7893e-06 0
0 -23.175 0 0 0 0 0 0 0
-23.133 -23.125 5.4822e-07 1 0 0 0 1.7893e-06 0
0 -23.075 0 0 0 0 0 0 0
-23.015 -23.025 1.6404e-06 3 0 8.1687e-06 3.1102e-06 1.7893e-06 0
-22.968 -22.975 1.0932e-06 2 0 8.016e-06 0 1.7893e-06 0
0 -22.925 0 0 0 0 0 0 0
-22.872 -22.875 4.3576e-06 8 0 0 6.2204e-06 7.1572e-06 2.4199e-06
-22.822 -22.825 3.2661e-06 6 0 7.6381e-06 9.3307e-06 1.7893e-06 1.2099e-06
-22.767 -22.775 1.6306e-06 3 0 0 6.2204e-06 0 1.2099e-06
-22.724 -22.725 5.9744e-06 11 0 7.4389e-06 9.3307e-06 3.5786e-06 6.0497e-06
-22.672 -22.675 5.9686e-06 11 0 1.4782e-05 9.3307e-06 3.5786e-06 4.8398e-06
-22.62 -22.625 1.1389e-05 21 0 3.6954e-05 9.3307e-06 1.2525e-05 7.2596e-06
-22.571 -22.575 9.7527e-06 18 0 3.6954e-05 1.2441e-05 5.3679e-06 7.2596e-06
-22.523 -22.525 1.1369e-05 21 0 1.4782e-05 2.4882e-05 1.0736e-05 6.0497e-06
-22.478 -22.475 1.8933e-05 35 0 4.4345e-05 4.0433e-05 1.2525e-05 1.0889e-05
-22.426 -22.425 2.3259e-05 43 0.0001367 7.3908e-05 4.0433e-05 1.6104e-05 1.2099e-05
-22.371 -22.375 2.8104e-05 52 0 9.6081e-05 3.4212e-05 2.505e-05 1.6939e-05
-22.321 -22.325 2.2686e-05 42 0 8.1299e-05 3.7323e-05 1.9682e-05 9.6795e-06
-22.275 -22.275 4.6426e-05 86 0 0.00013304 0.00010264 4.1154e-05 1.4519e-05
-22.225 -22.225 5.0719e-05 94 8.8812e-05 8.869e-05 0.00010264 4.2943e-05 2.9039e-05
-22.175 -22.175 7.1196e-05 132 0.00024802 0.00019955 0.0001213 6.4414e-05 3.2668e-05
-22.123 -22.125 8.6265e-05 160 0.00015527 0.00023651 0.00016795 7.3361e-05 3.7508e-05
-22.075 -22.075 9.9717e-05 185 0.00014689 0.00036215 0.00015862 8.2307e-05 4.4768e-05
-22.025 -22.025 0.00012974 241 0.00034954 0.00031781 0.00025504 0.00012525 4.9608e-05
-21.976 -21.975 0.00016472 306 0.00040133 0.0004878 0.00026126 0.00016461 7.0176e-05
-21.925 -21.925 0.00018032 335 0.0005143 0.00057649 0.00028303 0.00016283 8.1066e-05
-21.875 -21.875 0.00022388 416 0 0.00057649 0.0003359 0.00023976 0.00011615
-21.824 -21.825 0.00028828 536 0.0002402 0.00069474 0.00046653 0.00029702 0.00014761
-21.774 -21.775 0.00034527 642 0.00040814 0.00076126 0.00064382 0.00033102 0.00016939
-21.725 -21.725 0.00039311 731 0.00039735 0.00093864 0.00062515 0.00037933 0.00022263
-21.675 -21.675 0.00045792 852 0.00083088 0.00089429 0.00068114 0.00047416 0.00028071
-21.624 -21.625 0.00052082 969 0.00097497 0.00087212 0.00082421 0.0005511 0.00031458
-21.574 -21.575 0.00061921 1138 0.0010082 0.0012121 0.00092996 0.00067993 0.0003452
-21.524 -21.525 0.00077929 1370 0.00093731 0.0013525 0.0011694 0.00075687 0.00051173
-21.474 -21.475 0.00088185 1484 0.0010747 0.001589 0.001185 0.00090359 0.0005593
-21.425 -21.425 0.0010922 1755 0.0015614 0.0015964 0.0015209 0.0012131 0.00059475
-21.375 -21.375 0.0012621 1942 0.00134 0.0019734 0.0016515 0.0012453 0.00083956
-21.325 -21.325 0.0014628 2149 0.0016646 0.0018551 0.0017884 0.0015245 0.0010126
-21.274 -21.275 0.0016293 2281 0.0014505 0.002136 0.0019781 0.001537 0.0012838
-21.225 -21.225 0.0018576 2479 0.002055 0.0021803 0.0022829 0.0017517 0.001436
-21.175 -21.175 0.0020173 2564 0.001182 0.0024168 0.0023855 0.0019128 0.0016038
-21.125 -21.125 0.002305 2786 0.0023405 0.0027272 0.0025815 0.0021829 0.0018327
-21.075 -21.075 0.0025942 2986 0.0027364 0.0028824 0.0030014 0.0024424 0.0018213
-21.025 -21.025 0.0028023 3065 0.0022072 0.0035698 0.0030916 0.0025802 0.0017352
-20.975 -20.975 0.0030245 3141 0.0026003 0.0032076 0.0032409 0.0028724 0.0026715
-20.925 -20.925 0.0032152 3172 0.0033962 0.0033924 0.0034306 0.0030251 0
-20.875 -20.875 0.0034689 3246 0.0035979 0.0036067 0.003555 0.0033616 0
-20.825 -20.825 0.0038666 3430 0.0037537 0.0038358 0.0040091 0.0037704 0
-20.775 -20.775 0.0041252 3468 0.0036871 0.0043458 0.004289 0.0039252 0
-20.725 -20.725 0.0042934 3418 0.003976 0.0041463 0.0044414 0.0042291 0
-20.675 -20.675 0.0044145 3326 0.0047028 0.0042645 0.0045907 0.0042563 0
-20.625 -20.625 0.0046278 3299 0.0040242 0.0046784 0.004768 0.0044638 0
-20.575 -20.575 0.0050397 3398 0.0048337 0.0051588 0.0051412 0.0048161 0
-20.525 -20.525 0.0052374 3337 0.0039464 0.0053362 0.0052718 0.0052696 0
-20.475 -20.475 0.0053668 3230 0.0049679 0.0056023 0.0051567 0.0057268 0
-20.425 -20.425 0.0058447 3323 0.0047348 0.0059422 0.0058783 0.0058633 0
-20.374 -20.375 0.0061144 3281 0.0053625 0.0059644 0.0060836 0.0069392 0
-20.325 -20.325 0.0062066 3144 0.0062864 0.0060753 0.0062733 0.0059957 0
-20.275 -20.275 0.0063202 3012 0.0053727 0.0061935 0.0064441 0.0029045 0
-20.225 -20.225 0.0063286 2852 0.0059108 0.005824 0.0065955 0 0
-20.175 -20.175 0.0068198 2898 0.0069562 0.0064744 0.0069842 0 0
-20.125 -20.125 0.0072471 2902 0.007109 0.0069548 0.0074229 0 0
-20.075 -20.075 0.0073371 2769 0.0062911 0.0071987 0.0075377 0 0
-20.025 -20.025 0.0075385 2680 0.0067416 0.007413 0.0077225 0 0
-19.975 -19.975 0.0078486 2628 0.006266 0.0077013 0.0081788 0 0
-19.925 -19.925 0.0083321 2626 0.0070524 0.0075534 0.0092 0 0
-19.876 -19.875 0.008307 2465 0.0066634 0.0083443 0.0085564 0 0
-19.825 -19.825 0.0077195 2156 0.0065692 0.0077973 0.0078629 0 0
-19.775 -19.775 0.0078265 2056 0.0071446 0.0077456 0.0080846 0 0
-19.726 -19.725 0.0081396 2012 0.0073852 0.0078565 0.0087792 0 0
-19.675 -19.675 0.0079822 1857 0.006459 0.0079452 0.0085632 0 0
-19.625 -19.625 0.0084217 1841 0.0069924 0.0083516 0.0091505 0 0
-19.575 -19.575 0.0084252 1732 0.0077746 0.0086177 0.0081938 0 0
-19.526 -19.525 0.0085633 1654 0.0082649 0.0088468 0.0076065 0 0
-19.475 -19.475 0.0087068 1582 0.0075515 0.0090316 0.0079848 0 0
-19.425 -19.425 0.0086758 1481 0.0089127 0.0088912 0.0055547 0 0
-19.375 -19.375 0.0095033 1525 0.0087809 0.0096272 0.009922 0 0
-19.326 -19.325 0.0098092 1479 0.0096844 0.009833 0 0 0
-19.275 -19.275 0.01007 1426 0.0086434 0.01036 0 0 0
-19.225 -19.225 0.010258 1365 0.0086375 0.010619 0 0 0
-19.175 -19.175 0.010644 1330 0.0088384 0.011076 0 0 0
-19.125 -19.125 0.011155 1309 0.01003 0.011446 0 0 0
-19.076 -19.075 0.010766 1186 0.0086631 0.011354 0 0 0
-19.026 -19.025 0.011038 1142 0.010019 0.011348 0 0 0
-18.975 -18.975 0.010873 1056 0.0094374 0.011348 0 0 0
-18.926 -18.925 0.010441 952 0.0091859 0.010895 0 0 0
-18.875 -18.875 0.010365 887 0.010047 0.010489 0 0 0
-18.825 -18.825 0.010886 875 0.0087667 0.011815 0 0 0
-18.775 -18.775 0.01117 842 0.0097098 0.011864 0 0 0
-18.725 -18.725 0.01104 781 0.010735 0.011202 0 0 0
-18.676 -18.675 0.010818 718 0.0099911 0.011297 0 0 0
-18.624 -18.625 0.010502 654 0.010769 0.010333 0 0 0
-18.575 -18.575 0.0099273 580 0.0093277 0.010359 0 0 0
-18.525 -18.525 0.010348 567 0.010229 0.010443 0 0 0
-18.477 -18.475 0.011269 579 0.010719 0.01176 0 0 0
-18.425 -18.425 0.010729 517 0.010101 0.011367 0 0 0
-18.376 -18.375 0.011969 541 0.012275 0.011613 0 0 0
-18.325 -18.325 0.01158 491 0.012313 0.0106 0 0 0
-18.275 -18.275 0.010418 414 0.010423 0.01041 0 0 0
-18.225 -18.225 0.010795 402 0.011119 0.010167 0 0 0
-18.175 -18.175 0.01005 351 0.010091 0.0099511 0 0 0
-18.125 -18.125 0.011366 372 0.011156 0.011958 0 0 0
-18.076 -18.075 0.010735 329 0.01136 0.0082439 0 0 0
-18.025 -18.025 0.011098 319 0.011276 0.010047 0 0 0
-17.976 -17.975 0.01182 319 0.012095 0.0093368 0 0 0
-17.926 -17.925 0.014154 359 0.014389 0.0091627 0 0 0
-17.876 -17.875 0.012629 299 0.012629 0 0 0 0
-17.826 -17.825 0.012395 275 0.012395 0 0 0 0
-17.774 -17.775 0.014047 292 0.014047 0 0 0 0
-17.724 -17.725 0.014326 279 0.014326 0 0 0 0
-17.676 -17.675 0.017703 323 0.017703 0 0 0 0
-17.626 -17.625 0.016499 282 0.016499 0 0 0 0
-17.576 -17.575 0.013429 215 0.013429 0 0 0 0
-17.524 -17.525 0.018071 271 0.018071 0 0 0 0
-17.474 -17.475 0.019793 278 0.019793 0 0 0 0
-17.426 -17.425 0.01969 259 0.01969 0 0 0 0
-17.375 -17.375 0.019565 241 0.019565 0 0 0 0
-17.325 -17.325 0.020895 241 0.020895 0 0 0 0
-17.276 -17.275 0.02167 234 0.02167 0 0 0 0
-17.225 -17.225 0.021069 213 0.021069 0 0 0 0
-17.175 -17.175 0.02145 203 0.02145 0 0 0 0
-17.128 -17.125 0.020318 180 0.020318 0 0 0 0
-17.075 -17.075 0.017366 144 0.017366 0 0 0 0
-17.025 -17.025 0.020615 160 0.020615 0 0 0 0
-16.973 -16.975 0.019276 140 0.019276 0 0 0 0
-16.924 -16.925 0.023979 163 0.023979 0 0 0 0
-16.876 -16.875 0.026097 166 0.026097 0 0 0 0
-16.823 -16.825 0.021673 129 0.021673 0 0 0 0
-16.777 -16.775 0.024957 139 0.024957 0 0 0 0
-16.725 -16.725 0.023415 122 0.023415 0 0 0 0
-16.678 -16.675 0.028722 140 0.028722 0 0 0 0
-16.622 -16.625 0.030701 140 0.030701 0 0 0 0
-16.575 -16.575 0.029307 125 0.029307 0 0 0 0
-16.526 -16.525 0.015541 62 0.015541 0 0 0 0
-16.468 -16.475 0.019565 73 0.019565 0 0 0 0
-16.425 -16.425 0.029805 104 0.029805 0 0 0 0
-16.375 -16.375 0.030953 101 0.030953 0 0 0 0
-16.325 -16.325 0.028186 86 0.028186 0 0 0 0
-16.275 -16.275 0.029444 84 0.029444 0 0 0 0
-16.223 -16.225 0.02137 57 0.02137 0 0 0 0
-16.176 -16.175 0.025667 64 0.025667 0 0 0 0
-16.124 -16.125 0.025741 60 0.025741 0 0 0 0
-16.073 -16.075 0.031211 68 0.031211 0 0 0 0
-16.029 -16.025 0.026027 53 0.026027 0 0 0 0
-15.978 -15.975 0.020489 39 0.020489 0 0 0 0
-15.928 -15.925 0.014058 25 0.014058 0 0 0 0
-15.878 -15.875 0.017453 29 0.017453 0 0 0 0
-15.824 -15.825 0.019323 30 0.019323 0 0 0 0
-15.781 -15.775 0.014478 21 0.014478 0 0 0 0
-15.723 -15.725 0.01919 26 0.01919 0 0 0 0
-15.676 -15.675 0.015804 20 0.015804 0 0 0 0
-15.617 -15.625 0.020307 24 0.020307 0 0 0 0
-15.575 -15.575 0.017208 19 0.017208 0 0 0 0
-15.525 -15.525 0.013585 14 0.013585 0 0 0 0
-15.477 -15.475 0.020787 20 0.020787 0 0 0 0
-15.419 -15.425 0.015588 14 0.015588 0 0 0 0
-15.375 -15.375 0.016702 14 0.016702 0 0 0 0
-15.332 -15.325 0.0076699 6 0.0076699 0 0 0 0
-15.273 -15.275 0.0095899 7 0.0095899 0 0 0 0
-15.233 -15.225 0.020558 14 0.020558 0 0 0 0
-15.18 -15.175 0.02204 14 0.02204 0 0 0 0
-15.115 -15.125 0.0050633 3 0.0050633 0 0 0 0
-15.081 -15.075 0.018103 10 0.018103 0 0 0 0
-15.024 -15.025 0.017476 9 0.017476 0 0 0 0
-14.981 -14.975 0.014583 7 0.014583 0 0 0 0
-14.925 -14.925 0.013414 6 0.013414 0 0 0 0
-14.865 -14.875 0.016798 7 0.016798 0 0 0 0
-14.829 -14.825 0.020608 8 0.020608 0 0 0 0
-14.788 -14.775 0.013834 5 0.013834 0 0 0 0
-14.717 -14.725 0.038639 13 0.038639 0 0 0 0
-14.659 -14.675 0.015969 5 0.015969 0 0 0 0
-14.611 -14.625 0.024032 7 0.024032 0 0 0 0
-14.57 -14.575 0.011075 3 0.011075 0 0 0 0
-14.529 -14.525 0.03177 8 0.03177 0 0 0 0
-14.475 -14.475 0.051284 12 0.051284 0 0 0 0
-14.422 -14.425 0.032208 7 0.032208 0 0 0 0
-14.376 -14.375 0.044603 9 0.044603 0 0 0 0
-14.323 -14.325 0.021365 4 0.021365 0 0 0 0
-14.288 -14.275 0.034556 6 0.034556 0 0 0 0
-14.22 -14.225 0.043498 7 0.043498 0 0 0 0
-14.168 -14.175 0.033545 5 0.033545 0 0 0 0
-14.137 -14.125 0.0072476 1 0.0072476 0 0 0 0
0 -14.075 0 0 0 0 0 0 0
-14.02 -14.025 0.008481 1 0.008481 0 0 0 0
-13.957 -13.975 0.0091857 1 0.0091857 0 0 0 0
-13.932 -13.925 0.029879 3 0.029879 0 0 0 0
-13.863 -13.875 0.01081 1 0.01081 0 0 0 0
-13.826 -13.825 0.011748 1 0.011748 0 0 0 0
0 -13.775 0 0 0 0 0 0 0
0 -13.725 0 0 0 0 0 0 0
0 -13.675 0 0 0 0 0 0 0
0 -13.625 0 0 0 0 0 0 0
0 -13.575 0 0 0 0 0 0 0
0 -13.525 0 0 0 0 0 0 0
0 -13.475 0 0 0 0 0 0 0
0 -13.425 0 0 0 0 0 0 0
0 -13.375 0 0 0 0 0 0 0
0 -13.325 0 0 0 0 0 0 0
0 -13.275 0 0 0 0 0 0 0
0 -13.225 0 0 0 0 0 0 0
0 -13.175 0 0 0 0 0 0 0
0 -13.125 0 0 0 0 0 0 0
0 -13.075 0 0 0 0 0 0 0
0 -13.025 0 0 0 0 0 0 0
0 -12.975 0 0 0 0 0 0 0
0 -12.925 0 0 0 0 0 0 0
0 -12.875 0 0 0 0 0 0 0
0 -12.825 0 0 0 0 0 0 0
0 -12.775 0 0 0 0 0 0 0
0 -12.725 0 0 0 0 0 0 0
0 -12.675 0 0 0 0 0 0 0
0 -12.625 0 0 0 0 0 0 0
0 -12.575 0 0 0 0 0 0 0
0 -12.525 0 0 0 0 0 0 0
0 -12.475 0 0 0 0 0 0 0
0 -12.425 0 0 0 0 0 0 0
0 -12.375 0 0 0 0 0 0 0
0 -12.325 0 0 0 0 0 0 0
0 -12.275 0 0 0 0 0 0 0
0 -12.225 0 0 0 0 0 0 0
0 -12.175 0 0 0 0 0 0 0
0 -12.125 0 0 0 0 0 0 0
0 -12.075 0 0 0 0 0 0 0
0 -12.025 0 0 0 0 0 0 0
0 -11.975 0 0 0 0 0 0 0
0 -11.925 0 0 0 0 0 0 0
0 -11.875 0 0 0 0 0 0 0
0 -11.825 0 0 0 0 0 0 0
0 -11.775 0 0 0 0 0 0 0
0 -11.725 0 0 0 0 0 0 0
0 -11.675 0 0 0 0 0 0 0
0 -11.625 0 0 0 0 0 0 0
0 -11.575 0 0 0 0 0 0 0
0 -11.525 0 0 0 0 0 0 0
0 -11.475 0 0 0 0 0 0 0
0 -11.425 0 0 0 0 0 0 0
0 -11.375 0 0 0 0 0 0 0
0 -11.325 0 0 0 0 0 0 0
0 -11.275 0 0 0 0 0 0 0
0 -11.225 0 0 0 0 0 0 0
0 -11.175 0 0 0 0 0 0 0
0 -11.125 0 0 0 0 0 0 0
0 -11.075 0 0 0 0 0 0 0
0 -11.025 0 0 0 0 0 0 0
